0 0 2
0 1 1
0 2 1
0 3 1
0 4 1
0 5 1
0 6 1
0 7 1
0 8 1
0 9 1
0 10 1
0 11 1
0 12 1
0 13 1
0 14 2
1 0 0
2 0 0
3 0 0
4 0 0
5 0 0
6 0 0
7 0 0
8 0 0
9 0 0
10 0 0
11 0 0
12 0 0
13 0 0
14 0 2
14 1 1
14 2 1
14 3 1
14 4 1
14 5 1
14 6 1
14 7 1
14 8 1
14 9 1
14 10 1
14 11 1
14 12 1
14 13 1
14 14 2
1 14 0
2 14 0
3 14 0
4 14 0
5 14 0
6 14 0
7 14 0
8 14 0
9 14 0
10 14 0
11 14 0
12 14 0
13 14 0
2 2 0
2 4 0
2 6 0
2 8 0
2 10 0
2 12 0
4 2 0
4 4 1
4 6 1
4 8 1
4 10 1
4 12 0
6 2 0
6 4 1
6 6 2
6 8 2
6 10 1
6 12 0
8 2 0
8 4 1
8 6 2
8 8 2
8 10 1
8 12 0
10 2 0
10 4 1
10 6 1
10 8 1
10 10 1
10 12 0
12 2 0
12 4 0
12 6 0
12 8 0
12 10 0
12 12 1